762
828
83
419
387
142
38
662
80
896
683
73
681
277
981
558
238
137
950
367
161
32
496
339
452
499
963
166
968
968
366
250
788
524
743
985
41
26
330
992
485
460
748
809
900
607
159
246
896
975
564
589
86
942
352
441
96
451
597
340
495
486
897
783
304
542
178
515
934
327
430
477
622
739
842
537
244
633
123
900
469
934
470
182
223
953
789
435
315
594
641
778
432
823
36
607
967
0
794
39
652
467
780
144
708
136
743
726
429
555
54
587
40
268
680
210
651
925
855
133
682
915
49
457
557
880
714
434
683
944
577
910
918
184
789
217
258
747
298
236
406
161
533
685
970
35
633
938
289
363
413
853
432
600
468
374
707
113
738
154
539
504
671
824
704
864
371
885
599
561
714
863
126
722
0
311
397
622
861
435
233
654
680
557
360
170
932
727
593
896
568
711
503
917
759
122
422
803
105
932
779
657
281
286
25
938
455
742
763
396
702
703
427
484
624
84
367
870
235
762
567
192
563
179
400
932
740
874
696
914
499
703
371
914
17
933
702
464
893
300
855
991
574
842
165
961
725
983
145
814
472
771
849
50
234
579
645
100
212
255
222
379
873
925
670
709
737
247
315
496
981
202
868
718
287
755
924
915
603
439
514
379
264
762
708
407
968
906
258
430
253
700
201
734
355
867
787
137
54
874
178
926
470
902
990
605
916
888
36
904
6
805
896
361
157
283
103
717
755
886
640
942
2
345
864
906
488
360
137
224
799
249
71
557
848
385
996
567
721
494
677
395
662
220
441
375
691
900
285
886
390
950
624
578
542
259
569
681
949
154
816
644
372
101
747
896
732
947
379
206
618
949
708
653
494
839
288
17
654
850
840
36
677
940
290
9
587
952
987
122
888
127
385
448
514
366
158
2
493
943
480
739
697
591
827
807
702
145
481
276
3
340
713
576
108
22
57
816
461
677
872
424
373
841
534
285
10
7
876
907
624
10
156
551
301
599
574
620
198
872
23
699
966
13
665
87
542
341
539
541
888
8
901
709
454
947
149
637
813
246
235
103
349
256
457
883
142
405
649
440
921
18
574
817
822
77
707
536
362
881
670
132
77
213
111
267
331
936
275
553
99
711
666
590
961
932
824
146
980
142
76
848
497
459
298
314
848
582
975
295
627
59
600
253
605
907
408
736
152
738
467
390
739
983
745
999
406
67
309
364
348
631
689
497
774
657
352
457
948
374
576
478
712
538
866
985
612
487
661
719
903
667
41
53
709
63
453
275
603
584
312
246
823
395
460
639
721
972
520
280
461
195
879
102
931
761
320
394
784
857
881
355
931
219
714
243
915
244
136
426
3
379
342
385
355
216
151
851
179
62
488
20
635
451
771
554
655
713
343
491
640
939
974
314
566
213
149
208
950
893
673
845
883
883
288
92
147
720
799
443
989
893
271
306
289
137
365
881
415
395
809
54
632
467
587
750
365
778
878
498
273
648
353
691
886
592
723
352
578
507
537
61
974
838
280
602
137
423
671
395
491
536
339
851
524
561
526
684
466
694
137
223
318
514
961
840
286
63
715
411
684
305
244
986
288
371
528
408
300
400
718
97
495
14
307
717
591
597
264
333
554
575
86
316
25
387
562
903
507
899
665
495
688
667
531
621
628
871
496
712
486
488
636
407
434
504
127
32
109
854
22
880
941
402
919
299
297
468
508
807
370
186
663
153
77
698
548
662
808
11
124
192
352
998
193
727
773
857
307
66
648
450
944
187
263
906
386
53
886
105
135
447
580
924
859
735
739
325
140
477
196
250
463
681
534
366
293
305
976
683
766
700
667
59
842
944
286
291
185
92
203
533
674
901
951
911
365
489
639
590
820
158
521
925
464
374
860
532
929
924
37
679
930
41
908
919
31
766
323
814
774
843
550
26
878
714
875
616
162
801
554
489
81
781
531
436
409
302
236
990
87
906
504
161
92
397
90
620
743
727
776
707
55
425
286
969
837
744
520
513
535
51
357
843
541
344
22
33
494
552
704
997
121
929
490
329
543
146
408
180
623
839
274
947
472
438
411
325
518
79
276
391
528
602
349
700
417
904
736
692
51
738
186
438
69
167
164
754
972
974
329
905
809
966
939
378
985
252
80
24
503
520
929
143
916
425
147
778
830
403
605
605
916
236
392
853
439
238
246
581
635
999
186
536
90
688
259
672
456
298
540
756
431
126
83
519
195
840
616
439
447
688
877
749
440
664
408
128
944
478
973
963
797
270
86
178
651
599
73
647
